0	16,38,40,107,122,138,155,167,237,253	
1	9,250,271,48,187,205	
2	8,41,82,131,74,93,125,174,212,280,284	
3	126,245,251,294,42,129,144,205,208	
4	110,276,42,79,120,176	
5	11,51,298,89,273	
6	11,27,47,254,293,163,187,201	
7	116,185,191,279,10,29,56,152,176,208,212,217	
8	2,25,28,70,104,176,198,220,17,21,158,225,232,285,292,296	
9	1,40,153,158,12,98,138,201,234	
10	7,30,33,54,150,156,44,137,153,195,225,227,244,291	
11	5,6,42,76,124,134,241,32,52,101	
12	9,245,81,205,241	
13	61,205,227,236,34,77,130,186	
14	105,108,139,84,123,204,205,231,240	
15	73,148,218,220,21,55,67,196,246,290	
16	0,84,90,212,217,272,57,59,129,150,196,208,222,268	
17	8,45,55,88,89,121,191,47,74,83,142	
18	23,113,158,198,244,251,45,57,222,225	
19	129,180,198,236,55,69	
20	171,254,266,228,265,298	
21	8,15,134,259,22,118,187,189,191,211	
22	21,32,35,123,212,75,139,168,184,258,260	
23	18,55,133,154,186,43,270,291	
24	34,36,254,287,293,130,145,244,285	
25	8,86,111,126,151,234,239	
26	39,184,203,242,277,211,225	
27	6,33,70,77,115,241,249	
28	8,92,126,159,168,294,164,248,252,277	
29	7,134,137,75,104,126,136,199,244	
30	10,87,239,273,275,285,81,88,114,169	
31	40,45,46,138,189,39,56,84,108,161,188,191,195,292	
32	22,11,293,71,123,189,244	
33	10,27,50,64,111,238	
34	24,13,123,184,111,140,237,286	
35	22,36,50,160,185,261,267,57,99,202,239,242,259	
36	24,35,180,82,154,201,212	
37	162,202,299	
38	0,75,248	
39	26,31,118,291,149,259	
40	0,9,31,204,225,299,60,115,210,223,279,286	
41	2,124,292,293,52,189,239	
42	11,3,4,113,186,273,50,177,271	
43	23,133,199,200,296,51,57,76,90,118,138,232,272	
44	10,55,102,170,226,290,98,101,252	
45	17,31,18,79,111,217,292,138,155	
46	31,117,199,212,220,118,126,165,209,268	
47	6,17,97,61,68,127	
48	1,238,65,105,111,149,183,256	
49	65,105,238,292,113,236	
50	33,35,42,111,133,291,192,202	
51	5,43,112,141,272,278,280,208	
52	11,41,149,208,235,263,274,91,121,133,151,184	
53	280,137,291	
54	10,106,135,140,256,272,77,125,190	
55	17,23,44,15,19,114,192,227,61,67,163,209,217	
56	7,31,118,205,256,158	
57	16,18,35,43,87,127,135,171,192,71,210,226,261	
58	118,187,196,261,133,183,229,231,237,276	
59	16,96,178,198,210,271,205,274	
60	40,80,83,177,65,88,94,228,236,270	
61	13,47,55,219,265,289,79,136,191	
62	177,183,280,70	
63	179,216,248,214	
64	33,112,116,151,295	
65	49,48,60,211,214,265,272	
66	204,280,289,115,160	
67	15,55,155,229,172,296	
68	47,70,175,197,71,111,174,191,203,257,273,292	
69	19,105,112,220,252,287	
70	8,68,27,62,86,109,255,297,75,80,296	
71	32,57,68,154,172,176,245,99,136,150,185	
72	109,135,146,219,221,130,140,142,159,255	
73	15,85,98,236,246,270,83,91,130	
74	2,17,166,179,188,198,211,256,87,125,295	
75	38,22,29,70,136,168,254,274	
76	11,43,195,292,99,121	
77	13,27,54,94,117,187	
78	99,201,210,255,258,259,124,173,261,264,278	
79	45,4,61,88,105,266,291,94,110,141,218,229	
80	60,70,151,187,192,210	
81	12,30,114,149,156,199,227,273,277,291,125,144,217,249	
82	2,36,200,94,96,240	
83	60,17,73,121,233,111,162	
84	16,14,31,226,114,140,160,166,221,256	
85	73,120,150,153,217,257,271,208,278,297	
86	25,70,92,108,182,198,216,234,96,159,208	
87	30,57,74,124,298,183,229,237	
88	17,79,30,60,133,143,189,299,135,251,253,254	
89	17,5,153,230,281,92,201	
90	16,43,140,141,252,93,144,173,195,248,281,288	
91	52,73,93,102	
92	28,86,89,101,106,257,292	
93	91,2,90,135,182,188,199,271	
94	60,77,79,82,157,214,270,274,108,121,127,186	
95	170,194,205,211,237,138,139,197,261,268	
96	59,82,86,136,148,191,204,225,256,111,179,223	
97	47,116,172,201,115	
98	73,9,44,120,212,296,101,119,141,146,198,211,266	
99	78,35,71,76,104,129,152,216,284,118,155,288,299	
100	103,133,208	
101	92,11,44,98,109,172,209,246,257,263,160,175,279	
102	44,91,119,173,198,285,291,159,197,280	
103	100,191,238,259,272,111,254	
104	8,99,29,129,132,286,127,210,232	
105	14,49,69,79,48,158,223,239,285,259	
106	54,92,131,203,215,234,125,133,185	
107	0,133,177,179,256,282,297,137,148,153	
108	14,86,31,94,171,181,281	
109	70,72,101,256,280,120	
110	4,79,151,263,204	
111	25,45,50,33,34,48,68,83,96,103,201,285,116,129,176,187	
112	51,64,69,120,129,230,124,213,233,251,278	
113	18,42,49,139,232,294,298,121,137,163,178,192	
114	55,81,30,84,119,191,198,232,246,141,244	
115	27,40,66,97,137,178,287,290,144	
116	7,64,97,111,127,136,182,191,272	
117	46,77,194,262,132,144,179,202,284,294	
118	39,56,58,21,43,46,99,129,159,210,247,255,143,189,208	
119	102,114,98,132,146,178,196,235,259,159	
120	85,98,112,4,109,206,213,131,212,220,263,299	
121	17,83,52,76,94,113,162,166,253,278,282,293,239,285,299	
122	0,160,184,185	
123	22,34,14,32,141,188,272,273,275,159	
124	11,41,87,78,112,161,168,173,197,256,282,233	
125	2,54,74,81,106,269,289,185,201,255,288,292	
126	3,25,28,29,46,169,200,219,269,271,290	
127	57,116,47,94,104,210,287,143,239	
128	191,275,291,177,204,238,296	
129	19,99,104,112,118,3,16,111,235	
130	13,24,72,73,164,188,221,295,151,231,234	
131	2,106,120,253,257,139,166,217,221,226,279	
132	104,119,117,146,135,248	
133	23,43,50,88,100,107,52,58,106	
134	11,21,29,250,263,211,226	
135	54,57,72,88,93,132,179,182,282,169,212,269	
136	75,96,116,29,61,71,138,263	
137	29,115,10,53,107,113,151,195,253,254,260	
138	31,136,0,9,43,45,95,262,278	
139	14,113,22,95,131,191,281,142,161,268,278	
140	54,90,34,72,84,256,190	
141	51,90,123,79,98,114,176,180,196,252,284,250,263	
142	17,72,139,144,191,271,276,257	
143	88,118,127,236,256,283,294	
144	142,3,81,90,115,117,205,206,163,197,237,265,281	
145	24,163,225,240,267,153,179,244,262	
146	72,119,132,98,234,290,249	
147	170,215,248,257	
148	15,96,107,226,243	
149	52,81,39,48,290,228	
150	10,85,16,71,299,203,213,214,230,258	
151	25,80,110,137,52,64,130,268,181,217,236	
152	99,7,185,233,172,188,211,222,250,251,277	
153	9,85,89,10,107,145,192,263,217,260,261	
154	23,71,36,156,185,223,240,216,255	
155	67,0,45,99,259,264,272,299,197,204,271	
156	10,81,154,242,267,180,259	
157	94,184,224,236,269,188	
158	9,18,105,8,56,210,274,287	
159	28,118,72,86,102,119,123,175,183	
160	35,122,66,84,101,176,179,189,231,284	
161	124,31,139,169,273	
162	37,121,83,282,207,259	
163	145,6,55,113,144,168,227,243,263,280,291	
164	130,28,167,277,291,238	
165	46,268	
166	74,121,84,131,183,241	
167	164,0,176,256,294,235	
168	28,75,124,163,22,206,269,299	
169	126,161,30,135,211,220,289,294	
170	44,95,147	
171	20,57,108,214,224,271	
172	71,97,101,67,152,231,261,282,176,259	
173	102,124,78,90,200,218,217,221,244	
174	2,68,203,253,252	
175	68,159,101,180,275,184,193,195	
176	8,71,141,160,167,4,7,111,172,204,231,291	
177	60,62,107,42,128,190,180,189	
178	59,115,119,113,198,223,235	
179	63,74,107,135,160,96,117,145,199,203,225,276,287	
180	19,36,141,175,156,177	
181	108,151,265,248,250	
182	86,116,135,93,294,236,265	
183	62,159,166,48,58,87,204,207,271,274	
184	26,34,122,157,22,52,175,238,204,212,269	
185	7,35,152,154,71,106,122,125,199,214,254,196,211,227	
186	23,42,13,94,278	
187	58,1,6,21,77,80,111,257,195,242	
188	74,123,130,31,93,152,157,236,241,285	
189	31,88,160,21,32,41,118,177,202,214,285,238,250,253,256,288	
190	177,54,140,199,204,262,238	
191	7,17,96,103,114,116,128,139,142,21,31,61,68,260,298,228,254	
192	55,57,153,50,80,113,280,293,248,298	
193	175,280	
194	95,117,243,225,271	
195	76,137,10,31,90,175,187,196,220,229,233,298	
196	58,119,141,195,15,16,185,202,267,235,258	
197	68,124,95,102,144,155,212,237,263,274,232	
198	8,18,19,59,74,86,102,114,178,98,223,255,240,284,287	
199	43,46,81,179,185,190,29,93,269,258,283	
200	43,82,126,173,260	
201	78,97,111,6,9,36,89,125,272	
202	189,196,35,37,50,117,226,262	
203	26,106,174,179,68,150,235,290,215	
204	40,66,96,176,183,190,14,110,128,155,184,208,224,239,243,296	
205	13,56,95,144,1,3,12,14,59,266	
206	120,144,168,294	
207	183,162,225,261	
208	52,100,204,3,7,16,51,85,86,118,282,288,215,256	
209	101,46,55	
210	59,78,118,127,158,40,57,80,104,290	
211	65,74,95,169,21,26,98,134,152,185	
212	16,22,46,98,197,2,7,36,120,135,184,249,217,231,251	
213	120,112,150,220	
214	94,171,185,189,63,65,150,223,284	
215	106,147,203,208,236,290	
216	63,86,99,154,218	
217	16,45,85,7,55,81,131,151,153,173,212,250,273,258	
218	15,173,79,216,261,277	
219	61,72,126,269,236,249,250,270	
220	8,15,46,169,195,69,120,213,235,259	
221	72,130,84,131,173,229	
222	16,18,152,271	
223	105,154,178,198,214,40,96,226,282,283,285,293,227	
224	157,204,171,249,266,282	
225	40,96,145,179,207,8,10,18,26,194,245,273	
226	44,84,148,202,223,57,131,134,232	
227	13,55,81,163,10,185,223,259,264	
228	20,60,149,191,239	
229	67,221,58,79,87,195,273,299,232,291	
230	89,112,150,271	
231	160,172,176,14,58,130,212,236	
232	113,114,226,8,43,104,197,229	
233	83,152,112,124,195,253,284,256,286	
234	86,106,146,9,25,130,248,292,259	
235	52,119,129,203,220,167,178,196,243	
236	13,19,73,143,157,188,215,49,60,151,182,219,231,237,278	
237	95,197,236,0,34,58,87,144,242,245,261,267	
238	48,49,103,184,33,128,164,189,190,259,271,273	
239	30,105,228,25,35,41,121,127,204	
240	145,154,14,82,198	
241	11,166,188,12,27,297	
242	26,156,237,35,187	
243	148,163,194,235,204,244,245,276	
244	18,243,10,24,29,32,114,145,173	
245	3,12,71,225,237,243	
246	73,101,114,15,252	
247	118,269	
248	38,63,147,234,28,90,132,181,192,290,296	
249	212,224,27,81,146,219,281,285	
250	1,134,217,141,152,181,189,219,281	
251	3,18,88,112,152,212	
252	90,141,246,28,44,69,174,255	
253	121,131,137,174,233,0,88,189,280	
254	6,20,24,137,185,75,88,103,191,267	
255	70,78,118,198,252,72,125,154	
256	54,56,74,96,107,109,124,140,167,48,84,143,189,208,233,259,263	
257	85,92,101,131,147,187,68,142,261,278	
258	78,22,150,196,199,217,271,285	
259	21,78,103,119,155,220,227,256,35,39,105,156,162,172,234,238	
260	191,200,22,137,153	
261	35,58,172,207,237,257,57,78,95,153,218,294	
262	117,138,190,202,145,270	
263	52,101,110,134,153,197,256,120,136,141,163,278,284,267,298	
264	155,227,78,272	
265	61,181,20,65,144,182,275,288,299	
266	20,79,205,224,98	
267	35,145,156,196,254,237,263,270,298	
268	151,165,16,46,95,139,275,286	
269	125,126,157,168,199,219,135,184,247,278,276,289	
270	73,94,262,267,23,60,219,283,280	
271	1,59,85,126,142,183,230,258,42,93,155,171,194,222,238	
272	16,51,54,103,123,155,201,43,65,116,264,282	
273	30,42,81,123,161,217,225,229,5,68,238	
274	52,94,183,197,59,75,158	
275	30,123,128,175,265,268	
276	4,142,179,58,243,269	
277	26,81,164,28,152,218,288,282	
278	51,121,138,236,263,269,78,85,112,139,186,257	
279	7,40,101,131	
280	51,53,62,66,109,192,193,2,102,163,253,270,293,286	
281	89,139,249,90,108,144,250,292	
282	107,121,124,135,162,172,208,223,224,272,277,284	
283	223,270,143,199	
284	99,141,160,214,233,263,282,2,117,198	
285	30,102,105,111,188,189,223,8,24,121,249,258,286	
286	104,285,34,40,233,268,280	
287	24,115,127,69,158,179,198	
288	208,265,277,90,99,125,189	
289	61,66,125,169,269	
290	44,115,126,146,149,203,215,248,15,210	
291	39,50,79,81,102,128,164,176,10,23,53,163,229,298	
292	41,45,49,76,92,234,8,31,68,125,281,298	
293	6,24,32,41,121,192,223,280	
294	3,28,113,167,182,261,117,143,169,206	
295	130,64,74	
296	43,98,248,8,67,70,128,204	
297	70,107,85,241	
298	5,87,113,191,267,291,20,192,195,263,292	
299	40,88,150,155,168,229,37,99,120,121,265	
